[app/ui]
version = 6.4.1
modtime = 1466374528.608496000

[app/launcher]
version = 6.4.1
modtime = 1466374528.610259000

[props/bro_json]
owner = admin
version = 6.4.1
modtime = 1466376560.343276000

[app/install/install_source_checksum]
version = 6.6.2
modtime = 1502410804.679501000
